0 25
1 1763
2 132317
3 7525031
4 443724821
5 29809546181
6 2292010858019
7 158586252892033
8 10445331345154549
9 974899407670713299
10 53618438341576147867
11 3718944099182247774821
12 183498523218870879915331
13 13570779442424630235973817
14 544331142254325181623234599
15 41481398665845593775382278677
16 4500099375551403087517007143393
17 197212517757652073672983322799911
18 11605715583227979544554987165360181
19 924546546312781678098026556071590667
20 34624632400013298856372504394456968049
21 2537058996654648174274799234673300830477
22 321653607152020382185759581196623961553653
23 14545033246244230767755786715226493601002479
24 674588640803104150455404130615234266813516861
25 46644830623432320207590036194864033196292083177
26 2622105546572901357577923384442155452604860396443
27 270647726612086120196359657852349770125376383032579
28 19750868913999354071108270713240499944837676443150321
29 1081886254745024364111981551069255659605462869082831973
30 59356868715472545420137579551434120077393966052088928839
31 2123845807902480897491265671925977016715931929904844079141
32 275040136062417466394635303432619709601648990823779609330351
33 18915548610287293012861617987085428602148103243729985880495749
34 620040770569240065558652193100335077256824061064907017348305927
35 68577662511778159254267429422628672305825448663420586189803282799
36 4544682120834801238449045630280113930979942208943211207664085406681
37 176090134810624239635945699719983276793333158713898089184988347747137
38 14718938654031437139854249231345681806658253581832544638590018288393447
39 1285072780004035375155406067291877259968820200901527883519994331912128381
40 55827636572733251036777104464402279931420569213414303838778116203260587997
41 4436330381520229055991776818259001678710179758193112852919248580013272257587
42 165122615188164307290899635211848229530586259066304379935653672651769499958371
43 14476644897770527391335046811824692372174914728105587222722854547077037611422639
44 750918970529054198041965297727397088946057816836704409685868969507360813411954561
45 46287383031652069319803593769074162562084286436570520827021517981377769500949070243
46 4533597788342369678343495325839247873745118628016401063273754691591222933911678538727
47 232588682439214351948042361840711484304347595294385717983401719745255802497453438351977
48 15595650702116471848733506145094591530974402317639671456300892154415603895692789057437901
49 1299732545764520589577555717685916973422443193687140199024727880115091093529136567239407777
50 72230319244526950688988266479194045149797219150161549041130488871239947102773596210904772429
51 4942467480554223634247848982586764520658046336426874959808963406016462535826803096575386535887
52 430180064788327637120546279944418593046505541565920426582213303928930006089909296913777130413741
53 19806912772211636386614269603257359279246331922219124881334077603112579088495895277987056276952691
54 803681698367795264687103641283881304821487097848640408287963569143447194165186174148080311342760139
55 67325004831353843419973350755950308859073502329641904791011506324502767377438805073360051259997618259
56 7657718276402224030681252787397299453837328229573369452809699553470784717954647593466491846617791586437
57 174274605398660576940016285299735435706887056121845008779592003653724121765005227548255448371996804472721
58 16989929198352132966084745737272270119772372669442037722276044965522185671978722372283422589321265824082119
59 1237624588678382888377257302516480154337632224323186370794870879450320084379995665815013178579726600237979067
60 72014820858372389679349061382999992051507763327287355816912325967962748479114460859223675503398220303964771069
61 4725858429160689059473615343978225777998930815276757375460895595850424279517923052447244165523881075672154605377
62 269285084042472159653959712544864937171182903725097593782196442149613464683446645341491033212767364729401919259897
63 29065545681948303213663000400058605107704944608251980810642596213099557597845649408997700600713499757459089038412769
64 693554919004418266973923899158447153612901137472526301162682376788572018662073548638319827356383032171903617244879811
65 108327825522828660993049636105506401261497639097076377095531279066626941057908176948331546513073075650369173318664266901
66 5054019742705971626593177917367852295432344216050323437082097185319518637677878982660715534256206400404365306223786819947
67 447454758990630236669796928585841541438008507421402541787587401827438148838932634777406133453562465281586309943067675269267
68 19838988025682426840419356786183974983901099114860974111157221842567860216630292190693199110156386582646856288840912946355821
69 2268223273817867394234541880780093576146896087721888516113794391607115341383142737698412086767860401023661414094178387148184391
70 56889152419402414844317754946314024420489283912889222524205141615607885087764033195798438798039172350974683801169075431109749087
71 9369925820934576430267730577322641715733535040852351159189177930248409416385351927713391732725543796664450224554487196567296273231
72 508056271761404587852623202622744610296104973089654705467592273387921521560087088817343613214979136139448951073634163877216238124849
73 36314772849526521949992912326756330948407844004949454584494237252799384907468229448980642918364528043444014523430791761243001442383417
74 1204206920967583951809879848485078516299144218276262466793295033593902852898693821712234219814046198946974494763861135060867049318409127
75 101861966009420600545119368963792352371375815115521444801196431251912358181000970298256875896613685314513560312768246638228249166040042673
76 5987578220904391061794064683705621490046637082815287178638733933395464176869564284144653850931645965946662742014110101138024347196836820941
77 627721712134834246347399483609213663788636454685959474952279904063430871022019279511439095902103271576736144820803462038014702503404429138419
78 28198334025471588834710400753619956379781621728695953775594177688284122591029209199536038537315068104935091741708733320768486331247381262834889
79 1378288090662590999369749163719585488788335160733090865910196304784322209724364718436551284656336125004019145265847836687948493487027061829560929
80 115195285787403418966513848381947883797738927484492367926412977966635554878530691003177177580231178120977092706515123467312524178576308133217005041
81 5109872618985757240952461757931741185840450525380902019178590794724389771994925686248762195194262035152013272062178379079251566295587206044781982837
82 382924324860385882123534698231155384168719061659151724185257104403650320762308244120664496861151684938043581784379316392326768437047843609382065727511
83 44659910335506065257435357792180364361130121341583227147683100415337170599809602062165960241118437307407977479121370234992137162059422019628344623928591
84 2362107467171448626675532985101629692613823628749761995059695466160751846801144385761655912065828698223724190087362473023491133430681702266626940400564093
85 141374818791004064652376799208678051754975899394205173014552778974295332564993961471086855082360292177223255013785896191947191237757745022432361835707222463
86 6783654309698466626159189767730595041851178619373265925711586598120288829372063247580510521836493732450076856169851751631135345000086456990217088082934897149
87 637561738563649470416083652030696761161322775708616020775415357246442843110353673420074295311677685536606054754311211559800737023375130125709886642097633190899
88 30880336778543359037171029540660488041488093479853507047472543448264472049813363337160279558040760100857647955641344308302686917020252714886554693675407140308331
89 1408304581832826993179901421585902605649797755004491759540770537009358468637347033751902211187871030818970472036635650063498330978343386471513467599630940595264379
90 125456250942889281628439647277582713345058138719908360326232236098806471183243729383210938022599575790300449810317489236181283443207407630310914910063153041042278677
91 9935335631098071361493706911523264501321089881823318641402075312701284214107830106414031907650681626201078019479215847007259348351653824164541124858634706484955179707
92 549049582813330141813304144419662189032718688996740949215656619522228096716541967337705071706454874668194422811204243723263075601478866170542690979311973779847473968881
93 36549853415545639268583537073661592292527592350879747318177247620082353264002596320482853153196084756057483895704120387340460562143498422604927744069170814093624019674859
94 2250823454530592474305256998597959946653580536392700412812577019702885415822742796221490430741151053958093379089636989646322948084934577941406547839437970038721116810749117
95 183632882124713885378467874482107443507009061018081093004423251168582775891851709809201277198547950075314714249175641428720299487508769661491635527449603566128979758166012491
96 7692049520784859165758291974408819108910153168697073225542197562880023418347723626289533001540519558970843314200666684547747763100661934380522197956387173243006043314773495179
97 300396491589743980035458091127734752954713905104359165951061845616026119469564966181629157858899048239882094367513300664172812616853034196660217052141269913300435288184875416647
98 25233711437438222691387268184872225917999000364686036646989859093163357119525271101219355478817262184905090443356103415244088611968912785493894054137732112078788971651258279229249
99 1782359352832431477153456155206595894102723207623901452149637285084732478995268979562378337231440016761134091445016822187160247104495728016602313127437081764359625009364828104748531
