0003 413541 7
0007 7150378 70
0013 66970643 1192
0202 28225 4
0205 105203 50
0304 34640 18
0317 1870680372 1796636
0318 3886478345 3816931
0406 65859 33
0407 141981 56
0409 4377896 147
0417 2053736457 6920
0504 12829 24
0508 922450 464
0515 369823353 134799
0516 1105217038 258776
0600 1711 1
0601 3421 2
0603 6414 11
0608 1024232 500
0613 36900995 38508
0809 583748 145
0810 2279397 240
0814 128269737 1640
0815 306326972 2661
0900 2139 1
1100 1283 1
1102 4704 4
1103 6415 7
1104 10263 12
1109 2861862 161
1110 7775180 254
1208 1131573 108
1212 34031436 687
1403 8981 11
1409 2082676 1507
1413 25197384 26530
1501 2138 2
1503 3421 7
1508 296364 526
1511 2871270 5580
1603 4276 7
1608 424661 92
1612 14259273 621
1618 4443965757 11187
1706 750106 111
1707 84248 252
1709 942978 1375
1713 35788239 12858
1802 1711 4
1806 39344 113
1807 185602 448
1809 815537 1007
1811 5398707 7590
1812 20815640 10457
1814 91309725 95720
2000 1283 1
2004 14112 12
2011 6319445 392
2015 294981735 2661
2102 2139 4
2111 4351381 3270
2112 13611377 13651
2304 16678 12
2416 920844206 4808
2418 7109410188 13029
2600 1283 1
2608 251033 682
2610 1424089 3690
2615 178762438 233613
2616 901065201 605224
2617 1046335475 886898
2706 24804 93
2707 97077 334
2710 2027508 3862
2712 19471522 6691
2714 53943014 78234
2811 5846033 384
2902 4277 4
2903 5132 9
2907 92801 252
2910 2266995 3338
2911 9434051 3790
2914 44296419 41982
2917 2725205253 773008
3004 5131 18
3009 3057300 1007
3010 8560782 4542
3015 331540179 150707
3017 2551188066 875888
3201 1711 2
3202 5559 4
3205 23093 20
3207 100926 56
3216 746842415 4288
3301 2138 2
3305 19672 84
3306 76978 85
3307 352814 190
3311 16543802 3270
3507 348965 60
3606 182180 41
3607 548253 70
3611 15494338 416
3614 46691282 2044
3813 14876378 26530
3814 162978577 46084
3905 24804 48
3907 115467 334
3908 297220 526
3916 629174225 540150
4005 16251 20
4010 6201841 242
4101 4277 2
4102 7697 4
4108 1681109 464
4118 6231372454 3071375
4200 855 1
4203 4276 11
4207 417390 448
4208 563220 500
4212 23736944 10457
4400 1710 1
4401 1283 2
4403 5987 7
4406 75695 33
4412 29559456 625
4413 35585104 1014
4500 1283 1
4501 1710 2
4503 3422 9
4508 327583 846
4509 517889 1313
4512 13097337 13651
4513 29859242 50724
4516 593951345 565412
4702 3849 4
4703 9836 7
4706 53457 35
4801 1710 2
4808 368211 108
4810 4897068 280
4814 45201335 2044
4815 198498249 2933
4817 1059491400 8012
4818 7099613914 13029
5001 1711 2
5003 2566 11
5005 36350 50
5006 74839 79
5007 127869 284
5018 1982296400 1889329
5102 2139 4
5110 2090801 3862
5113 44670617 36320
5115 272688123 220297
5116 615963560 540150
5202 2993 4
5204 21383 12
5205 27798 20
5212 13022070 621
5301 1710 2
5305 23093 50
5309 948964 1375
5402 1711 4
5405 12402 60
5411 4704196 7590
5613 35921240 1014
5704 9836 12
5706 69707 85
5707 95367 190
5708 278403 846
5709 1709762 1313
5710 2131428 1718
5713 29244703 50724
5714 85545803 42450
5716 614853370 565412
5901 1283 2
5908 235210 94
5910 1897501 254
5911 4598137 420
6002 2139 4
6009 345972 177
6010 1278686 280
6011 3902772 416
6016 869299905 4808
6200 855 1
6202 2994 4
6204 13685 16
6212 18479365 9673
6304 8126 18
6309 1039628 975
6400 1283 1
6403 4705 7
6407 132145 56
6410 1721736 242
6418 4471394640 11187
6504 7698 24
6506 40200 111
6513 39075617 12858
6514 50321639 41982
6515 345499239 134799
6516 1147466277 258776
6517 2722557645 773008
6613 29417048 38508
6615 329501124 150707
6616 495161520 638702
6617 2462697009 875888
6805 17106 20
6808 218104 90
6810 2323017 240
6914 93862820 42450
6915 286484246 131717
7100 1283 1
7105 22238 20
7109 790732 161
7202 1283 4
7204 6842 14
7205 18390 22
7212 17622346 687
7217 999033502 8012
7401 1710 2
7406 38916 79
7408 248040 682
7411 4732421 8856
7412 18370313 9673
7416 894458372 605224
7417 1207876706 886898
7513 55542441 36320
7514 49348725 78234
7601 1283 2
7602 3849 4
7604 16679 12
7606 65003 33
7611 5726289 384
7613 35212617 1016
7614 103067221 1638
7700 1710 1
7705 42766 50
7710 2296076 3338
7712 11787432 10857
7801 1283 2
7804 6415 18
7805 22666 60
7816 508513740 638702
8002 2994 4
8003 6842 7
8004 13685 12
8007 103492 56
8011 5119448 392
8016 756169126 4288
8104 8981 12
8105 19244 84
8305 20527 20
8400 855 1
8401 2138 2
8403 5560 7
8404 7697 14
8405 18389 22
8409 359230 177
8415 220927855 2933
8607 119315 284
8610 1423233 3690
8611 5821229 8856
8614 219713746 46084
8615 181982245 233613
8618 2378449993 1889329
8701 2139 2
8702 3421 4
8703 2994 7
8705 49181 48
8706 41910 93
8709 1027226 975
8712 19901314 6691
8717 1754242971 1796636
8718 3853028518 3816931
8800 855 1
8808 385316 92
8809 576051 147
8813 45176104 1016
8903 5560 9
8911 9152227 3790
8912 13685361 10857
8918 6087299184 3071375
9010 2241335 4542
9018 3451269235 3697913
9206 83393 33
9208 205701 90
9209 463578 145
9212 12677380 625
9214 99150765 1640
9302 1283 4
9303 2138 9
9310 2199853 1718
9315 269871165 131717
9501 856 2
9506 48753 35
9507 100499 60
9508 228795 94
9511 4597283 420
